56.333333333333336
85.0
75.0
57.666666666666664
72.0
55.666666666666664
59.666666666666664
81.0
56.0
46.333333333333336
58.0
62.666666666666664
43.666666666666664
76.0
77.0
51.333333333333336
68.66666666666667
73.66666666666667
60.333333333333336
53.666666666666664
41.0
85.66666666666667
48.666666666666664
56.0
58.0
64.33333333333333
66.0
44.0
66.33333333333333
70.33333333333333
56.666666666666664
71.0
58.0
70.33333333333333
74.66666666666667
57.0
60.666666666666664
52.333333333333336
39.0
49.666666666666664
65.33333333333333
79.0
56.0
62.333333333333336
76.66666666666667
35.333333333333336
52.0
44.0
41.333333333333336
70.66666666666667
53.666666666666664
67.0
85.33333333333333
56.333333333333336
61.0
53.333333333333336
64.0
68.66666666666667
69.0
70.66666666666667
65.0
58.333333333333336
45.0
48.0
67.0
36.0
60.666666666666664
60.333333333333336
52.0
51.666666666666664
65.33333333333333
54.666666666666664
70.66666666666667
56.333333333333336
58.666666666666664
73.33333333333333
55.333333333333336
79.33333333333333
66.0
69.66666666666667
50.666666666666664
60.333333333333336
61.333333333333336
59.0
66.66666666666667
59.0
61.333333333333336
57.666666666666664
79.33333333333333
66.66666666666667
58.333333333333336
44.333333333333336
89.33333333333333
38.666666666666664
49.666666666666664
74.33333333333333
77.0
60.0
70.0
90.0
45.666666666666664
73.66666666666667
55.0
82.66666666666667
68.66666666666667
73.33333333333333
69.33333333333333
35.0
59.0
68.66666666666667
61.666666666666664
74.33333333333333
53.0
57.333333333333336
71.33333333333333
78.33333333333333
44.0
44.666666666666664
33.666666666666664
73.33333333333333
72.66666666666667
63.666666666666664
54.666666666666664
55.666666666666664
47.666666666666664
44.333333333333336
59.333333333333336
48.333333333333336
60.666666666666664
63.666666666666664
50.0
33.333333333333336
66.0
75.0
36.666666666666664
72.66666666666667
59.794117647058826 59.22794117647059 63.73529411764706